# Point charge contour data.
# For Grid size: 25 and Init sweeps: 100
0.000000000000000000e+00 0.000000000000000000e+00 0.000000000000000000e+00 0.000000000000000000e+00 0.000000000000000000e+00 0.000000000000000000e+00 0.000000000000000000e+00 0.000000000000000000e+00 0.000000000000000000e+00 0.000000000000000000e+00 0.000000000000000000e+00 0.000000000000000000e+00 0.000000000000000000e+00 0.000000000000000000e+00 0.000000000000000000e+00 0.000000000000000000e+00 0.000000000000000000e+00 0.000000000000000000e+00 0.000000000000000000e+00 0.000000000000000000e+00 0.000000000000000000e+00 0.000000000000000000e+00 0.000000000000000000e+00 0.000000000000000000e+00 0.000000000000000000e+00
0.000000000000000000e+00 4.228031180729749242e-05 8.680120243764306257e-05 1.349179952573974607e-04 1.875391737537161893e-04 2.448804563260248727e-04 3.062113348577637228e-04 3.696368379336842543e-04 4.319942024464943535e-04 4.889760299501956595e-04 5.355904733326268506e-04 5.669953305066055245e-04 5.795722811495567471e-04 5.718891487990061155e-04 5.451013445431608043e-04 5.025646034628132976e-04 4.488852379247382837e-04 3.888553776634227953e-04 3.266244699404288244e-04 2.652406317502751685e-04 2.065254990953189660e-04 1.511731382908236955e-04 9.896292893605906178e-05 4.900831151801355608e-05 0.000000000000000000e+00
0.000000000000000000e+00 8.680120243764306257e-05 1.783216025128482097e-04 2.775321606426816505e-04 3.865149806385642412e-04 5.059488632690886884e-04 6.345481838260234918e-04 7.685336400255452123e-04 9.013025313272818523e-04 1.023561600365111230e-03 1.124226342784373891e-03 1.192266487068516147e-03 1.219275790343720941e-03 1.201916548980169839e-03 1.142981872566348331e-03 1.050361049117829034e-03 9.346194593246965818e-04 8.064473372743253968e-04 6.748253446825849822e-04 5.461284740103753300e-04 4.239895772469155191e-04 3.096207478172253330e-04 2.023323834770899264e-04 1.000853041574944124e-04 0.000000000000000000e+00
0.000000000000000000e+00 1.349179952573974607e-04 2.775321606426816505e-04 4.329764065197606263e-04 6.050877160560510712e-04 7.955888734483239355e-04 1.003114971125311722e-03 1.222171723999139047e-03 1.442280797587001864e-03 1.647797014869423942e-03 1.819087647503079630e-03 1.935705637032888050e-03 1.981482109206378003e-03 1.949914719998211950e-03 1.846705627941975245e-03 1.687263747994521834e-03 1.491351998246168153e-03 1.278021917116612316e-03 1.062456751211976556e-03 8.547971528734075314e-04 6.603190675537201366e-04 4.802766656667372476e-04 3.129295590051770935e-04 1.545034563924237798e-04 0.000000000000000000e+00
0.000000000000000000e+00 1.875391737537161351e-04 3.865149806385641870e-04 6.050877160560511796e-04 8.498253621710317876e-04 1.124566680966576551e-03 1.428901666254922542e-03 1.756293207786895462e-03 2.092124246491780873e-03 2.412426790599406321e-03 2.684693906127401126e-03 2.872602369196795239e-03 2.945637061545764660e-03 2.891108946681698183e-03 2.720667045347336527e-03 2.463838247245010368e-03 2.156055214752611998e-03 1.829067077165596154e-03 1.506238060326401881e-03 1.201742322803849190e-03 9.218291114600000698e-04 6.667610042531059867e-04 4.326740837026022747e-04 2.130813050866448054e-04 0.000000000000000000e+00
0.000000000000000000e+00 2.448804563260248185e-04 5.059488632690886884e-04 7.955888734483239355e-04 1.124566680966576551e-03 1.500637268275030640e-03 1.926387890834793193e-03 2.396114327166347802e-03 2.891817934191838555e-03 3.379199745324558413e-03 3.806089806023141373e-03 4.107849876921461016e-03 4.224815722667202809e-03 4.130323771285989917e-03 3.849777238198339065e-03 3.441642168639293901e-03 2.969475922947232595e-03 2.484527203391700446e-03 2.020359241845867768e-03 1.594429145134582376e-03 1.212087386715015192e-03 8.705638389572057691e-04 5.620702805853910935e-04 2.759379070721959711e-04 0.000000000000000000e+00
0.000000000000000000e+00 3.062113348577637228e-04 6.345481838260234918e-04 1.003114971125311505e-03 1.428901666254922109e-03 1.926387890834793410e-03 2.504880855752683252e-03 3.163868190743995921e-03 3.885707090888136823e-03 4.625819676150392384e-03 5.303435079968847957e-03 5.802238570709385493e-03 5.998377289824601867e-03 5.828278511662334134e-03 5.354057580675884720e-03 4.698181185684616179e-03 3.975712347616144372e-03 3.266353374890805517e-03 2.613826792978237411e-03 2.035143756206613062e-03 1.530402016682075360e-03 1.090078110658700269e-03 6.996508378293976680e-04 3.422420333971501515e-04 0.000000000000000000e+00
0.000000000000000000e+00 3.696368379336842543e-04 7.685336400255449955e-04 1.222171723999139047e-03 1.756293207786895462e-03 2.396114327166348236e-03 3.163868190743995921e-03 4.073119380287527208e-03 5.117373099142160341e-03 6.250072469583896687e-03 7.355887540153224421e-03 8.226315124501240583e-03 8.586168211667350239e-03 8.255449557475914163e-03 7.412529063868663129e-03 6.331045180523464655e-03 5.218101371595882700e-03 4.187830818617533160e-03 3.285830260530650873e-03 2.517883216772023348e-03 1.869956050252594712e-03 1.319568947275217164e-03 8.414558175914821055e-04 4.099985160132757966e-04 0.000000000000000000e+00
0.000000000000000000e+00 4.319942024464943535e-04 9.013025313272818523e-04 1.442280797587001864e-03 2.092124246491780873e-03 2.891817934191838555e-03 3.885707090888136823e-03 5.117373099142160341e-03 6.616591786908922364e-03 8.367024750451378806e-03 1.023888582021025354e-02 1.188044416382100579e-02 1.264565420349756525e-02 1.191213619518902145e-02 1.030050308761087247e-02 8.455118417272616815e-03 6.726191192927462488e-03 5.242204454866482462e-03 4.018448868231356587e-03 3.024370072074257336e-03 2.215871007218221146e-03 1.548333080854356024e-03 9.807135169761782567e-04 4.759507941951348362e-04 0.000000000000000000e+00
0.000000000000000000e+00 4.889760299501956595e-04 1.023561600365111013e-03 1.647797014869423942e-03 2.412426790599406321e-03 3.379199745324558846e-03 4.625819676150393252e-03 6.250072469583896687e-03 8.367024750451378806e-03 1.107964373496885674e-02 1.436841928693947425e-02 1.777935536901869770e-02 1.980026707040057413e-02 1.781301215109884831e-02 1.443386001387689417e-02 1.117321177227812573e-02 8.483448083723357444e-03 6.382693827369438633e-03 4.766865688758828955e-03 3.520065303036694002e-03 2.543953560673019136e-03 1.760531251181733040e-03 1.107984730073243622e-03 5.357104144873986191e-04 0.000000000000000000e+00
0.000000000000000000e+00 5.355904733326268506e-04 1.124226342784373891e-03 1.819087647503079847e-03 2.684693906127401126e-03 3.806089806023141373e-03 5.303435079968847957e-03 7.355887540153224421e-03 1.023888582021025180e-02 1.436841928693947425e-02 2.027709882907503119e-02 2.811693204026016052e-02 3.507416950772215825e-02 2.815191828190904966e-02 2.034512798822444429e-02 1.446569630119151108e-02 1.035993722137372106e-02 7.493798533612543340e-03 5.450127269572624562e-03 3.952615252828407116e-03 2.821524025523800688e-03 1.936381699941089720e-03 1.212072738474896921e-03 5.842231527883152368e-04 0.000000000000000000e+00
0.000000000000000000e+00 5.669953305066055245e-04 1.192266487068516581e-03 1.935705637032888700e-03 2.872602369196795239e-03 4.107849876921461883e-03 5.802238570709385493e-03 8.226315124501240583e-03 1.188044416382100406e-02 1.777935536901869423e-02 2.811693204026015705e-02 4.734055481265456861e-02 7.821334620664979753e-02 4.737620954419204111e-02 2.818626446214864134e-02 1.787850378162418943e-02 1.200383714893684187e-02 8.366911063359530609e-03 5.951806654088534661e-03 4.257268290783391973e-03 3.012152120697697642e-03 2.055344690719065025e-03 1.281877295541756926e-03 6.166078370743065988e-04 0.000000000000000000e+00
0.000000000000000000e+00 5.795722811495567471e-04 1.219275790343721157e-03 1.981482109206378437e-03 2.945637061545764660e-03 4.224815722667203677e-03 5.998377289824601867e-03 8.586168211667350239e-03 1.264565420349756178e-02 1.980026707040056719e-02 3.507416950772215825e-02 7.821334620664979753e-02 2.448800128733164549e-01 7.824900151028209294e-02 3.514350631454726814e-02 1.989942924674410751e-02 1.276907658591473413e-02 8.726814119500714284e-03 6.148017601742147842e-03 4.374325644485262989e-03 3.085289408655720548e-03 2.101221972353436822e-03 1.308969662449824701e-03 6.292335017911751104e-04 0.000000000000000000e+00
0.000000000000000000e+00 5.718891487990062240e-04 1.201916548980169839e-03 1.949914719998212601e-03 2.891108946681698183e-03 4.130323771285989917e-03 5.828278511662334134e-03 8.255449557475914163e-03 1.191213619518901798e-02 1.781301215109884484e-02 2.815191828190904966e-02 4.737620954419204111e-02 7.824900151028209294e-02 4.741120973704256170e-02 2.821998421067664978e-02 1.791036382245877329e-02 1.203331665124955131e-02 8.393556129539174460e-03 5.975234945514914034e-03 4.277170211547452576e-03 3.028289333266765727e-03 2.067546932561920882e-03 1.290038497783739654e-03 6.206824237406151920e-04 0.000000000000000000e+00
0.000000000000000000e+00 5.451013445431608043e-04 1.142981872566348547e-03 1.846705627941975462e-03 2.720667045347336527e-03 3.849777238198339065e-03 5.354057580675884720e-03 7.412529063868663129e-03 1.030050308761087247e-02 1.443386001387689417e-02 2.034512798822444429e-02 2.818626446214864134e-02 3.514350631454726814e-02 2.821998421067664978e-02 2.041070664260827283e-02 1.452766075261501325e-02 1.041727408000282101e-02 7.545624508048085280e-03 5.495698187700586226e-03 3.991328384631724624e-03 2.852915213048524273e-03 1.960119179684994498e-03 1.227949604372965183e-03 5.921501699456871350e-04 0.000000000000000000e+00
0.000000000000000000e+00 5.025646034628132976e-04 1.050361049117829251e-03 1.687263747994521834e-03 2.463838247245010802e-03 3.441642168639293901e-03 4.698181185684617046e-03 6.331045180523464655e-03 8.455118417272616815e-03 1.117321177227812573e-02 1.446569630119151108e-02 1.787850378162418943e-02 1.989942924674410751e-02 1.791036382245877329e-02 1.452766075261501325e-02 1.126184882448663313e-02 8.565470864755495017e-03 6.456837670994059787e-03 4.832064806277831456e-03 3.575456152750309223e-03 2.588870780507008910e-03 1.794498852792465824e-03 1.130705344020490992e-03 5.470550361448794745e-04 0.000000000000000000e+00
0.000000000000000000e+00 4.488852379247383379e-04 9.346194593246966902e-04 1.491351998246168153e-03 2.156055214752611998e-03 2.969475922947233462e-03 3.975712347616144372e-03 5.218101371595882700e-03 6.726191192927462488e-03 8.483448083723359179e-03 1.035993722137372106e-02 1.200383714893684187e-02 1.276907658591473413e-02 1.203331665124955131e-02 1.041727408000282101e-02 8.565470864755495017e-03 6.828317521191654485e-03 5.334528264608871979e-03 4.099641159117570904e-03 3.093353513321552006e-03 2.271814934733771760e-03 1.590642583035470781e-03 1.009016087032770480e-03 4.900836045510943966e-04 0.000000000000000000e+00
0.000000000000000000e+00 3.888553776634227953e-04 8.064473372743255052e-04 1.278021917116612316e-03 1.829067077165596371e-03 2.484527203391700446e-03 3.266353374890804649e-03 4.187830818617533160e-03 5.242204454866482462e-03 6.382693827369438633e-03 7.493798533612542473e-03 8.366911063359528875e-03 8.726814119500714284e-03 8.393556129539174460e-03 7.545624508048084413e-03 6.456837670994060654e-03 5.334528264608872847e-03 4.293092606896963329e-03 3.378409187027377279e-03 2.596548242276679359e-03 1.933757229712542965e-03 1.367825051425098585e-03 8.737391713151610633e-04 4.261205446116967700e-04 0.000000000000000000e+00
0.000000000000000000e+00 3.266244699404288244e-04 6.748253446825847653e-04 1.062456751211976556e-03 1.506238060326402098e-03 2.020359241845867768e-03 2.613826792978237411e-03 3.285830260530651307e-03 4.018448868231357454e-03 4.766865688758828087e-03 5.450127269572624562e-03 5.951806654088534661e-03 6.148017601742147842e-03 5.975234945514914034e-03 5.495698187700586226e-03 4.832064806277832324e-03 4.099641159117571772e-03 3.378409187027377279e-03 2.712390995846683615e-03 2.118902719083720285e-03 1.598341189545055734e-03 1.141468917287566734e-03 7.340345961730175822e-04 3.594146289864456759e-04 0.000000000000000000e+00
0.000000000000000000e+00 2.652406317502751685e-04 5.461284740103753300e-04 8.547971528734075314e-04 1.201742322803849190e-03 1.594429145134582376e-03 2.035143756206613062e-03 2.517883216772023348e-03 3.024370072074257336e-03 3.520065303036693134e-03 3.952615252828407116e-03 4.257268290783390238e-03 4.374325644485262121e-03 4.277170211547451709e-03 3.991328384631724624e-03 3.575456152750310090e-03 3.093353513321552006e-03 2.596548242276679359e-03 2.118902719083720285e-03 1.678178702083105199e-03 1.280025501838834550e-03 9.219587885513598003e-04 5.964601182345646542e-04 2.931151969228960549e-04 0.000000000000000000e+00
0.000000000000000000e+00 2.065254990953189660e-04 4.239895772469155191e-04 6.603190675537201366e-04 9.218291114600000698e-04 1.212087386715015192e-03 1.530402016682075360e-03 1.869956050252594712e-03 2.215871007218221146e-03 2.543953560673018702e-03 2.821524025523800688e-03 3.012152120697697642e-03 3.085289408655720114e-03 3.028289333266765727e-03 2.852915213048523406e-03 2.588870780507008910e-03 2.271814934733771326e-03 1.933757229712542965e-03 1.598341189545055734e-03 1.280025501838834550e-03 9.853385714025141625e-04 7.148099935468902200e-04 4.648279337571143950e-04 2.291432034252987530e-04 0.000000000000000000e+00
0.000000000000000000e+00 1.511731382908236684e-04 3.096207478172253330e-04 4.802766656667372476e-04 6.667610042531059867e-04 8.705638389572057691e-04 1.090078110658700052e-03 1.319568947275217164e-03 1.548333080854355590e-03 1.760531251181732823e-03 1.936381699941089503e-03 2.055344690719065025e-03 2.101221972353436822e-03 2.067546932561920882e-03 1.960119179684994065e-03 1.794498852792465824e-03 1.590642583035470565e-03 1.367825051425098585e-03 1.141468917287566734e-03 9.219587885513598003e-04 7.148099935468902200e-04 5.215056917935672167e-04 3.405216891307927827e-04 1.682877053169358071e-04 0.000000000000000000e+00
0.000000000000000000e+00 9.896292893605903467e-05 2.023323834770899264e-04 3.129295590051770935e-04 4.326740837026022747e-04 5.620702805853910935e-04 6.996508378293978848e-04 8.414558175914821055e-04 9.807135169761782567e-04 1.107984730073243622e-03 1.212072738474896704e-03 1.281877295541756926e-03 1.308969662449824701e-03 1.290038497783739654e-03 1.227949604372964749e-03 1.130705344020490775e-03 1.009016087032770263e-03 8.737391713151609549e-04 7.340345961730174737e-04 5.964601182345646542e-04 4.648279337571143950e-04 3.405216891307927827e-04 2.230137426923400152e-04 1.104177471042168943e-04 0.000000000000000000e+00
0.000000000000000000e+00 4.900831151801355608e-05 1.000853041574944124e-04 1.545034563924238069e-04 2.130813050866448054e-04 2.759379070721959711e-04 3.422420333971502599e-04 4.099985160132759050e-04 4.759507941951348362e-04 5.357104144873986191e-04 5.842231527883152368e-04 6.166078370743065988e-04 6.292335017911751104e-04 6.206824237406150836e-04 5.921501699456869182e-04 5.470550361448792576e-04 4.900836045510943966e-04 4.261205446116966616e-04 3.594146289864456217e-04 2.931151969228960007e-04 2.291432034252987530e-04 1.682877053169358071e-04 1.104177471042168943e-04 5.473137058196039041e-05 0.000000000000000000e+00
0.000000000000000000e+00 0.000000000000000000e+00 0.000000000000000000e+00 0.000000000000000000e+00 0.000000000000000000e+00 0.000000000000000000e+00 0.000000000000000000e+00 0.000000000000000000e+00 0.000000000000000000e+00 0.000000000000000000e+00 0.000000000000000000e+00 0.000000000000000000e+00 0.000000000000000000e+00 0.000000000000000000e+00 0.000000000000000000e+00 0.000000000000000000e+00 0.000000000000000000e+00 0.000000000000000000e+00 0.000000000000000000e+00 0.000000000000000000e+00 0.000000000000000000e+00 0.000000000000000000e+00 0.000000000000000000e+00 0.000000000000000000e+00 0.000000000000000000e+00
