# Point charge contour data.
# For Grid size: 25 and Init sweeps: 100
0.000000000000000000e+00 0.000000000000000000e+00 0.000000000000000000e+00 0.000000000000000000e+00 0.000000000000000000e+00 0.000000000000000000e+00 0.000000000000000000e+00 0.000000000000000000e+00 0.000000000000000000e+00 0.000000000000000000e+00 0.000000000000000000e+00 0.000000000000000000e+00 0.000000000000000000e+00 0.000000000000000000e+00 0.000000000000000000e+00 0.000000000000000000e+00 0.000000000000000000e+00 0.000000000000000000e+00 0.000000000000000000e+00 0.000000000000000000e+00 0.000000000000000000e+00 0.000000000000000000e+00 0.000000000000000000e+00 0.000000000000000000e+00 0.000000000000000000e+00
0.000000000000000000e+00 5.774712809921304707e-04 1.183265945267038223e-03 1.832751627477922571e-03 2.535240241184583392e-03 3.290956547757874044e-03 4.088213858864418217e-03 4.901358131126406364e-03 5.690365858047233272e-03 6.403169542049458492e-03 6.981570418122164806e-03 7.370686880989685275e-03 7.530226321683067443e-03 7.444072453110191223e-03 7.124185178237332772e-03 6.606915001571863830e-03 5.943604683058744016e-03 5.189460211802822583e-03 4.394186213229941962e-03 3.596095512436193412e-03 2.819752383649082143e-03 2.076306743880797223e-03 1.365468130209895707e-03 6.782580329292738335e-04 0.000000000000000000e+00
0.000000000000000000e+00 1.183265945267038223e-03 2.425602468047827285e-03 3.760382135352227304e-03 5.208773187655824782e-03 6.773391974850983058e-03 8.432093971633837504e-03 1.013300671114531620e-02 1.179271155003394980e-02 1.330012124342400473e-02 1.452846170026439628e-02 1.535599024346562431e-02 1.569214148389645735e-02 1.550076405367935284e-02 1.480982727498077189e-02 1.370213231086807489e-02 1.229244438097394296e-02 1.070162663359161895e-02 9.036087633339642822e-03 7.375846288726064029e-03 5.770597176530049832e-03 4.241400435610487123e-03 2.785492790069114821e-03 1.382358965969163796e-03 0.000000000000000000e+00
0.000000000000000000e+00 1.832751627477922571e-03 3.760382135352226436e-03 5.839764587663243481e-03 8.109445874974930898e-03 1.057949480180829863e-02 1.322079884458638062e-02 1.595532679710296581e-02 1.865045239419668016e-02 2.112213479614015454e-02 2.315253730988140607e-02 2.452553928998237390e-02 2.507628371724836963e-02 2.473880822120365711e-02 2.356704781598691067e-02 2.171444050078989718e-02 1.938683409554966403e-02 1.679334784653069984e-02 1.411110519169021284e-02 1.146768773271235678e-02 8.937877305566752778e-03 6.549151470164663730e-03 4.291199090312841288e-03 2.126427306864105051e-03 0.000000000000000000e+00
0.000000000000000000e+00 2.535240241184582959e-03 5.208773187655823048e-03 8.109445874974932633e-03 1.130220965083702546e-02 1.481368389015147793e-02 1.861542169211370321e-02 2.260636547370874563e-02 2.659866109033594966e-02 3.031479070204265783e-02 3.340767506635769490e-02 3.551517051934973551e-02 3.634927558041376600e-02 3.579307232066408773e-02 3.394783953981843350e-02 3.108672307797123724e-02 2.755848804038472238e-02 2.369884162023268639e-02 1.977625554816387493e-02 1.597196352997959368e-02 1.238273599572061075e-02 9.034840734737707019e-03 5.901308680896007186e-03 2.918420643838584572e-03 0.000000000000000000e+00
0.000000000000000000e+00 3.290956547757874044e-03 6.773391974850983058e-03 1.057949480180829863e-02 1.481368389015147620e-02 1.953384910502348540e-02 2.472705634400316002e-02 3.028008609777254473e-02 3.594895345166460726e-02 4.133864292905300997e-02 4.591468011497550072e-02 4.907677155094603005e-02 5.031509155018720758e-02 4.941440590034790192e-02 4.657098791585879971e-02 4.227664328317812942e-02 3.711542035156851355e-02 3.160796203521069186e-02 2.613825472122097496e-02 2.094218376003545434e-02 1.612769652956011837e-02 1.170502122999435637e-02 7.615802159415073665e-03 3.757103647913049519e-03 0.000000000000000000e+00
0.000000000000000000e+00 4.088213858864418217e-03 8.432093971633837504e-03 1.322079884458638062e-02 1.861542169211369974e-02 2.472705634400316002e-02 3.158449802170901211e-02 3.908876270237152811e-02 4.695527428711740447e-02 5.465494435677858975e-02 6.138751069406393757e-02 6.615437777919541684e-02 6.801741734921881721e-02 6.654576613737291091e-02 6.214835288758414900e-02 5.574244956369746318e-02 4.830783053111010333e-02 4.062870728425287820e-02 3.322133945046031045e-02 2.636085034963140533e-02 2.014004038963349008e-02 1.452691122580248087e-02 9.409782305066675262e-03 4.629263780740073934e-03 0.000000000000000000e+00
0.000000000000000000e+00 4.901358131126406364e-03 1.013300671114531794e-02 1.595532679710296581e-02 2.260636547370874563e-02 3.028008609777254126e-02 3.908876270237152811e-02 4.900064837474171764e-02 5.974380292094823297e-02 7.067557186023001869e-02 8.065110179907709897e-02 8.800974962150034941e-02 9.093520255350773240e-02 8.844784447010567430e-02 8.150278859618506622e-02 7.189303809458286176e-02 6.125818012830564624e-02 5.072508324292215875e-02 4.092199442405387161e-02 3.211020353800315974e-02 2.431445729044275431e-02 1.741882385988813634e-02 1.122863227801750886e-02 5.507724876298536638e-03 0.000000000000000000e+00
0.000000000000000000e+00 5.690365858047231537e-03 1.179271155003395327e-02 1.865045239419668016e-02 2.659866109033594966e-02 3.594895345166461420e-02 4.695527428711741141e-02 5.974380292094823297e-02 7.417911261681349455e-02 8.962912598108199735e-02 1.046107271514897519e-01 1.164349608599782454e-01 1.214110413143798112e-01 1.169117179890354352e-01 1.055376280253941812e-01 9.095422805390510068e-02 7.582757099837379722e-02 6.162118088614164380e-02 4.895140564177591358e-02 3.794200836912509089e-02 2.845910875708406590e-02 2.024470514325527049e-02 1.298635836199897066e-02 6.351034388726179043e-03 0.000000000000000000e+00
0.000000000000000000e+00 6.403169542049458492e-03 1.330012124342400473e-02 2.112213479614015454e-02 3.031479070204265783e-02 4.133864292905301691e-02 5.465494435677858975e-02 7.067557186023001869e-02 8.962912598108199735e-02 1.112399878860343139e-01 1.340329911176451338e-01 1.540794483046985519e-01 1.637439003351796041e-01 1.545859669298573491e-01 1.350178069352205856e-01 1.126480076385781015e-01 9.138093644659120440e-02 7.267092452069053021e-02 5.677682736010594700e-02 4.345757727839265339e-02 3.229303055903121056e-02 2.281754627893811671e-02 1.456964173190731029e-02 7.105885603437754779e-03 0.000000000000000000e+00
0.000000000000000000e+00 6.981570418122164806e-03 1.452846170026439628e-02 2.315253730988140607e-02 3.340767506635769490e-02 4.591468011497550072e-02 6.138751069406393757e-02 8.065110179907709897e-02 1.046107271514897519e-01 1.340329911176451338e-01 1.686948092586077197e-01 2.046723688095275495e-01 2.274779387455402591e-01 2.051990948817143945e-01 1.697189674414593674e-01 1.354973820979576415e-01 1.064328733816409522e-01 8.272683858653302746e-02 6.359518904741481848e-02 4.811961091631740406e-02 3.546648742426314338e-02 2.491721964665472022e-02 1.584998356297771804e-02 7.713121125043392173e-03 0.000000000000000000e+00
0.000000000000000000e+00 7.370686880989685275e-03 1.535599024346562258e-02 2.452553928998237390e-02 3.551517051934974245e-02 4.907677155094603005e-02 6.615437777919541684e-02 8.800974962150034941e-02 1.164349608599782454e-01 1.540794483046985519e-01 2.046723688095275495e-01 2.711482750979408718e-01 3.390213888775071016e-01 2.716852546423583759e-01 2.057165159450072278e-01 1.555725401841281108e-01 1.182930159240611345e-01 9.012665659988841615e-02 6.840614942381889607e-02 5.132605248511008106e-02 3.761567135405867457e-02 2.632616419273513600e-02 1.670455385269081078e-02 8.117253895747239892e-03 0.000000000000000000e+00
0.000000000000000000e+00 7.530226321683068311e-03 1.569214148389645735e-02 2.507628371724837657e-02 3.634927558041376600e-02 5.031509155018720758e-02 6.801741734921881721e-02 9.093520255350773240e-02 1.214110413143798112e-01 1.637439003351796041e-01 2.274779387455402313e-01 3.390213888775071016e-01 5.885836638964576650e-01 3.395585517829364797e-01 2.285224925728851775e-01 1.652376886095811015e-01 1.232701510488842384e-01 9.305356371128443993e-02 7.027102833647042024e-02 5.256650679400133586e-02 3.845203271655842081e-02 2.687904053309576186e-02 1.704241836626027573e-02 8.277784165305255432e-03 0.000000000000000000e+00
0.000000000000000000e+00 7.444072453110189488e-03 1.550076405367934937e-02 2.473880822120365711e-02 3.579307232066409467e-02 4.941440590034790192e-02 6.654576613737291091e-02 8.844784447010564654e-02 1.169117179890354075e-01 1.545859669298573214e-01 2.051990948817143945e-01 2.716852546423583759e-01 3.395585517829364797e-01 2.722127058502831765e-01 2.062248108097342603e-01 1.560529237282976545e-01 1.187376111829741149e-01 9.052859428450754642e-02 6.875963861882915251e-02 5.162639892680932763e-02 3.785925506791682632e-02 2.651039127664725492e-02 1.682779770654913021e-02 8.178799344367328542e-03 0.000000000000000000e+00
0.000000000000000000e+00 7.124185178237332772e-03 1.480982727498077189e-02 2.356704781598691067e-02 3.394783953981843350e-02 4.657098791585879971e-02 6.214835288758416287e-02 8.150278859618506622e-02 1.055376280253941951e-01 1.350178069352205856e-01 1.697189674414593674e-01 2.057165159450072278e-01 2.285224925728851775e-01 2.062248108097342603e-01 1.707074743927078364e-01 1.364316482082875148e-01 1.072975727172511134e-01 8.350860372864019054e-02 6.428274896353132484e-02 4.870382682954017828e-02 3.594030958682426641e-02 2.527559378275648708e-02 1.608973675564791955e-02 7.832853321018132947e-03 0.000000000000000000e+00
0.000000000000000000e+00 6.606915001571863830e-03 1.370213231086807315e-02 2.171444050078989718e-02 3.108672307797124071e-02 4.227664328317812942e-02 5.574244956369746318e-02 7.189303809458286176e-02 9.095422805390510068e-02 1.126480076385781015e-01 1.354973820979576415e-01 1.555725401841281386e-01 1.652376886095811015e-01 1.560529237282976545e-01 1.364316482082875426e-01 1.139843601784021054e-01 9.261786339331665174e-02 7.378928759730457587e-02 5.776048493716538085e-02 4.429343641215133937e-02 3.297098576027904931e-02 2.333034617837868863e-02 1.491272627260729552e-02 7.277231249958067590e-03 0.000000000000000000e+00
0.000000000000000000e+00 5.943604683058744016e-03 1.229244438097394122e-02 1.938683409554966403e-02 2.755848804038472238e-02 3.711542035156851355e-02 4.830783053111009639e-02 6.125818012830563930e-02 7.582757099837379722e-02 9.138093644659119053e-02 1.064328733816409522e-01 1.182930159240611623e-01 1.232701510488842522e-01 1.187376111829741288e-01 1.072975727172511273e-01 9.261786339331663787e-02 7.736756304123620920e-02 6.301367509071884032e-02 5.017627483704476671e-02 3.898291872058936430e-02 2.930344450051733385e-02 2.088340337157305188e-02 1.341370700747750513e-02 6.564480157963387304e-03 0.000000000000000000e+00
0.000000000000000000e+00 5.189460211802822583e-03 1.070162663359161895e-02 1.679334784653069637e-02 2.369884162023268293e-02 3.160796203521069186e-02 4.062870728425287820e-02 5.072508324292215875e-02 6.162118088614164380e-02 7.267092452069054409e-02 8.272683858653302746e-02 9.012665659988840228e-02 9.305356371128442605e-02 9.052859428450754642e-02 8.350860372864021830e-02 7.378928759730458975e-02 6.301367509071884032e-02 5.231259463940930027e-02 4.231853761456392388e-02 3.329711501636251070e-02 2.527731014407633148e-02 1.814724045388382834e-02 1.171605483849934466e-02 5.751197390101641521e-03 0.000000000000000000e+00
0.000000000000000000e+00 4.394186213229941962e-03 9.036087633339641087e-03 1.411110519169021284e-02 1.977625554816387146e-02 2.613825472122097149e-02 3.322133945046031045e-02 4.092199442405386467e-02 4.895140564177591358e-02 5.677682736010595393e-02 6.359518904741481848e-02 6.840614942381886832e-02 7.027102833647040636e-02 6.875963861882913863e-02 6.428274896353132484e-02 5.776048493716538779e-02 5.017627483704476671e-02 4.231853761456392388e-02 3.470804525623805148e-02 2.762451687190136188e-02 2.116526006691628672e-02 1.530258542643631384e-02 9.928878086048503748e-03 4.888582672077052688e-03 0.000000000000000000e+00
0.000000000000000000e+00 3.596095512436193412e-03 7.375846288726064029e-03 1.146768773271235678e-02 1.597196352997959368e-02 2.094218376003545434e-02 2.636085034963140533e-02 3.211020353800315974e-02 3.794200836912509089e-02 4.345757727839266726e-02 4.811961091631739712e-02 5.132605248511007412e-02 5.256650679400133586e-02 5.162639892680932763e-02 4.870382682954017828e-02 4.429343641215133937e-02 3.898291872058936430e-02 3.329711501636251070e-02 2.762451687190136188e-02 2.220559990253953564e-02 1.715281450442021974e-02 1.248069472800326409e-02 8.134948443843251567e-03 4.016473299973096281e-03 0.000000000000000000e+00
0.000000000000000000e+00 2.819752383649081710e-03 5.770597176530049832e-03 8.937877305566752778e-03 1.238273599572061075e-02 1.612769652956011490e-02 2.014004038963349008e-02 2.431445729044275431e-02 2.845910875708407284e-02 3.229303055903121750e-02 3.546648742426314338e-02 3.761567135405867457e-02 3.845203271655842081e-02 3.785925506791681938e-02 3.594030958682425947e-02 3.297098576027904238e-02 2.930344450051733385e-02 2.527731014407633148e-02 2.116526006691628672e-02 1.715281450442021974e-02 1.334094989863631765e-02 9.759956543801018292e-03 6.386662091405098315e-03 3.160929551193728069e-03 0.000000000000000000e+00
0.000000000000000000e+00 2.076306743880797223e-03 4.241400435610487123e-03 6.549151470164663730e-03 9.034840734737707019e-03 1.170502122999435637e-02 1.452691122580248434e-02 1.741882385988813634e-02 2.024470514325527049e-02 2.281754627893812018e-02 2.491721964665472369e-02 2.632616419273513600e-02 2.687904053309576186e-02 2.651039127664724798e-02 2.527559378275648361e-02 2.333034617837868863e-02 2.088340337157305188e-02 1.814724045388382834e-02 1.530258542643631384e-02 1.248069472800326409e-02 9.759956543801018292e-03 7.171297737669344100e-03 4.707663086033314105e-03 2.334531983616325041e-03 0.000000000000000000e+00
0.000000000000000000e+00 1.365468130209895707e-03 2.785492790069114821e-03 4.291199090312840421e-03 5.901308680896007186e-03 7.615802159415074532e-03 9.409782305066675262e-03 1.122863227801750886e-02 1.298635836199896892e-02 1.456964173190731029e-02 1.584998356297771804e-02 1.670455385269081078e-02 1.704241836626027573e-02 1.682779770654913021e-02 1.608973675564791608e-02 1.491272627260729552e-02 1.341370700747750513e-02 1.171605483849934640e-02 9.928878086048503748e-03 8.134948443843253302e-03 6.386662091405100050e-03 4.707663086033314973e-03 3.097627120556401166e-03 1.538340316214202629e-03 0.000000000000000000e+00
0.000000000000000000e+00 6.782580329292738335e-04 1.382358965969163580e-03 2.126427306864105051e-03 2.918420643838584572e-03 3.757103647913049519e-03 4.629263780740073934e-03 5.507724876298536638e-03 6.351034388726179043e-03 7.105885603437753911e-03 7.713121125043390439e-03 8.117253895747239892e-03 8.277784165305255432e-03 8.178799344367326807e-03 7.832853321018132947e-03 7.277231249958067590e-03 6.564480157963387304e-03 5.751197390101641521e-03 4.888582672077052688e-03 4.016473299973097148e-03 3.160929551193728069e-03 2.334531983616325475e-03 1.538340316214202629e-03 7.646499153877810411e-04 0.000000000000000000e+00
0.000000000000000000e+00 0.000000000000000000e+00 0.000000000000000000e+00 0.000000000000000000e+00 0.000000000000000000e+00 0.000000000000000000e+00 0.000000000000000000e+00 0.000000000000000000e+00 0.000000000000000000e+00 0.000000000000000000e+00 0.000000000000000000e+00 0.000000000000000000e+00 0.000000000000000000e+00 0.000000000000000000e+00 0.000000000000000000e+00 0.000000000000000000e+00 0.000000000000000000e+00 0.000000000000000000e+00 0.000000000000000000e+00 0.000000000000000000e+00 0.000000000000000000e+00 0.000000000000000000e+00 0.000000000000000000e+00 0.000000000000000000e+00 0.000000000000000000e+00
