# Point charge contour data.
# For Grid size: 20 and Init sweeps: 100
0.000000000000000000e+00 0.000000000000000000e+00 0.000000000000000000e+00 0.000000000000000000e+00 0.000000000000000000e+00 0.000000000000000000e+00 0.000000000000000000e+00 0.000000000000000000e+00 0.000000000000000000e+00 0.000000000000000000e+00 0.000000000000000000e+00 0.000000000000000000e+00 0.000000000000000000e+00 0.000000000000000000e+00 0.000000000000000000e+00 0.000000000000000000e+00 0.000000000000000000e+00 0.000000000000000000e+00 0.000000000000000000e+00 0.000000000000000000e+00
0.000000000000000000e+00 5.574251636626230150e-04 1.154831836452310453e-03 1.824755054241775521e-03 2.584506370680214257e-03 3.427548645192043334e-03 4.316492575128120374e-03 5.179463779113468655e-03 5.916360447242361049e-03 6.416938554512910051e-03 6.592404443536765968e-03 6.407068302053271422e-03 5.893838785031653600e-03 5.138341490949584200e-03 4.246909305950754415e-03 3.314755847832390624e-03 2.407817021643113981e-03 1.556811775917044116e-03 7.616421900304090348e-04 0.000000000000000000e+00
0.000000000000000000e+00 1.154831836452310453e-03 2.397499771412589173e-03 3.801200932538714890e-03 5.407783090436796281e-03 7.209873964062946117e-03 9.132206281254499208e-03 1.102177768743587902e-02 1.265456428364929164e-02 1.377576326409250991e-02 1.417167882184247781e-02 1.375571993893230996e-02 1.260879674250023688e-02 1.093810274861206112e-02 8.990389925179344266e-03 6.979499436975266854e-03 5.045979516190571973e-03 3.250782496235697303e-03 1.586711792333531882e-03 0.000000000000000000e+00
0.000000000000000000e+00 1.824755054241775304e-03 3.801200932538714890e-03 6.059422542243907833e-03 8.683028576808984877e-03 1.167698674300400065e-02 1.493339611931986111e-02 1.820087281848072405e-02 2.108459424436358309e-02 2.310206555251962529e-02 2.382548236617769780e-02 2.307135879731802078e-02 2.101439001498092013e-02 1.807228450060418753e-02 1.471489261333677918e-02 1.132090646698532405e-02 8.121553100531310812e-03 5.201092165862103607e-03 2.529270423172110330e-03 0.000000000000000000e+00
0.000000000000000000e+00 2.584506370680214257e-03 5.407783090436796281e-03 8.683028576808984877e-03 1.256382231781001668e-02 1.709786977277796133e-02 2.216273984798711530e-02 2.739912184835395850e-02 3.216762753890618776e-02 3.560653466050751892e-02 3.687013845179918509e-02 3.556468978511940354e-02 3.207182321845409440e-02 2.722322584879199869e-02 2.186292222886320261e-02 1.660730759941765958e-02 1.178648512672008167e-02 7.487412786227751887e-03 3.622779008366695808e-03 0.000000000000000000e+00
0.000000000000000000e+00 3.427548645192043334e-03 7.209873964062944382e-03 1.167698674300400065e-02 1.709786977277796133e-02 2.361651114589783523e-02 3.115324163181655559e-02 3.926214820373145897e-02 4.698667839227130272e-02 5.282321275749235490e-02 5.506407088067399869e-02 5.277004322255847424e-02 4.686474692804808162e-02 3.903772837242523025e-02 3.076939127356421999e-02 2.298574244077661657e-02 1.609289012581889555e-02 1.012082925015342014e-02 4.867029615685591198e-03 0.000000000000000000e+00
0.000000000000000000e+00 4.316492575128120374e-03 9.132206281254499208e-03 1.493339611931986111e-02 2.216273984798711877e-02 3.115324163181655906e-02 4.198974394630806961e-02 5.426706012355103637e-02 6.671583587038321106e-02 7.682913011860312280e-02 8.103867596850281019e-02 7.676499924117899387e-02 6.656854632712425057e-02 5.399528371332216331e-02 4.152334994939411994e-02 3.038349788019301112e-02 2.092971721772830113e-02 1.301107015410541204e-02 6.213368114412462506e-03 0.000000000000000000e+00
0.000000000000000000e+00 5.179463779113467788e-03 1.102177768743588249e-02 1.820087281848072405e-02 2.739912184835395850e-02 3.926214820373147285e-02 5.426706012355104330e-02 7.238999066917385650e-02 9.239696723654784727e-02 1.105614450846047203e-01 1.193881816029420673e-01 1.104874894360725612e-01 9.222687070421717315e-02 7.207545274215172715e-02 5.372563810271599460e-02 3.836514168061011532e-02 2.595512348039420020e-02 1.593563392905058412e-02 7.554812082000477748e-03 0.000000000000000000e+00
0.000000000000000000e+00 5.916360447242361049e-03 1.265456428364929164e-02 2.108459424436358656e-02 3.216762753890619470e-02 4.698667839227130966e-02 6.671583587038322494e-02 9.239696723654784727e-02 1.240672196628107293e-01 1.580259880027021502e-01 1.799365517039515361e-01 1.579441985573221130e-01 1.238789101663040348e-01 9.204812880228405159e-02 6.611396396757407423e-02 4.598640460198048785e-02 3.055107275839647613e-02 1.853575550097721555e-02 8.728089983896451798e-03 0.000000000000000000e+00
0.000000000000000000e+00 6.416938554512909183e-03 1.377576326409250991e-02 2.310206555251962529e-02 3.560653466050751892e-02 5.282321275749236184e-02 7.682913011860313668e-02 1.105614450846047203e-01 1.580259880027021224e-01 2.223908212171697429e-01 2.893329404815754291e-01 2.223039933071139229e-01 1.578259287502257746e-01 1.101904395017283128e-01 7.618799969231522529e-02 5.175558880101158860e-02 3.387662778352779069e-02 2.036547221646209035e-02 9.541582597740311950e-03 0.000000000000000000e+00
0.000000000000000000e+00 6.592404443536765968e-03 1.417167882184247781e-02 2.382548236617769433e-02 3.687013845179919203e-02 5.506407088067399869e-02 8.103867596850282407e-02 1.193881816029420811e-01 1.799365517039515361e-01 2.893329404815754291e-01 5.379503032747877667e-01 2.892444321083414427e-01 1.797325773723117415e-01 1.190097433553458650e-01 8.038435637612018070e-02 5.397364872712437367e-02 3.510167872231736985e-02 2.102444090167410531e-02 9.830993796841895963e-03 0.000000000000000000e+00
0.000000000000000000e+00 6.407068302053271422e-03 1.375571993893230996e-02 2.307135879731802078e-02 3.556468978511940354e-02 5.277004322255847424e-02 7.676499924117900775e-02 1.104874894360725612e-01 1.579441985573221130e-01 2.223039933071139229e-01 2.892444321083414427e-01 2.222173948100286678e-01 1.577446564539938534e-01 1.101174101567049535e-01 7.612539694852463179e-02 5.170482015379623819e-02 3.383840732273925983e-02 2.034003072285847646e-02 9.528896322664855145e-03 0.000000000000000000e+00
0.000000000000000000e+00 5.893838785031653600e-03 1.260879674250023688e-02 2.101439001498092707e-02 3.207182321845409440e-02 4.686474692804809550e-02 6.656854632712426445e-02 9.222687070421715927e-02 1.238789101663040487e-01 1.578259287502257746e-01 1.797325773723117415e-01 1.577446564539938534e-01 1.236917669287300181e-01 9.188012315957075349e-02 6.597012737898148849e-02 4.586990622943726281e-02 3.046348354152743701e-02 1.847750965713285815e-02 8.699067583166714135e-03 0.000000000000000000e+00
0.000000000000000000e+00 5.138341490949585068e-03 1.093810274861206286e-02 1.807228450060418753e-02 2.722322584879199869e-02 3.903772837242523025e-02 5.399528371332216331e-02 7.207545274215172715e-02 9.204812880228405159e-02 1.101904395017283128e-01 1.190097433553458650e-01 1.101174101567049535e-01 9.188012315957075349e-02 7.176466806462356018e-02 5.346007151741305474e-02 3.815051382580243039e-02 2.579407374718556759e-02 1.582872165441343015e-02 7.501596803758153048e-03 0.000000000000000000e+00
0.000000000000000000e+00 4.246909305950754415e-03 8.990389925179344266e-03 1.471489261333677918e-02 2.186292222886320261e-02 3.076939127356421999e-02 4.152334994939411994e-02 5.372563810271599460e-02 6.611396396757407423e-02 7.618799969231522529e-02 8.038435637612019458e-02 7.612539694852463179e-02 6.597012737898148849e-02 5.346007151741305474e-02 4.106725405020249936e-02 3.001593523820502568e-02 2.065467944430437325e-02 1.282889440143335225e-02 6.122830665345441181e-03 0.000000000000000000e+00
0.000000000000000000e+00 3.314755847832391057e-03 6.979499436975266854e-03 1.132090646698532405e-02 1.660730759941765958e-02 2.298574244077661310e-02 3.038349788019301459e-02 3.836514168061012225e-02 4.598640460198048091e-02 5.175558880101158860e-02 5.397364872712435979e-02 5.170482015379623819e-02 4.586990622943726281e-02 3.815051382580242345e-02 3.001593523820502221e-02 2.238082673499799946e-02 1.564183137819243063e-02 9.822945234292435740e-03 4.719266517979162773e-03 0.000000000000000000e+00
0.000000000000000000e+00 2.407817021643113981e-03 5.045979516190571973e-03 8.121553100531309077e-03 1.178648512672007993e-02 1.609289012581889902e-02 2.092971721772830113e-02 2.595512348039420714e-02 3.055107275839647613e-02 3.387662778352779069e-02 3.510167872231736291e-02 3.383840732273926677e-02 3.046348354152743701e-02 2.579407374718556759e-02 2.065467944430437672e-02 1.564183137819243063e-02 1.106981182048345780e-02 7.015833940774336003e-03 3.389427822162491277e-03 0.000000000000000000e+00
0.000000000000000000e+00 1.556811775917044116e-03 3.250782496235696435e-03 5.201092165862102740e-03 7.487412786227751887e-03 1.012082925015342014e-02 1.301107015410541551e-02 1.593563392905058412e-02 1.853575550097721902e-02 2.036547221646209382e-02 2.102444090167410531e-02 2.034003072285847299e-02 1.847750965713285815e-02 1.582872165441343015e-02 1.282889440143335225e-02 9.822945234292435740e-03 7.015833940774336003e-03 4.476874165684066771e-03 2.171972168313139780e-03 0.000000000000000000e+00
0.000000000000000000e+00 7.616421900304089264e-04 1.586711792333531882e-03 2.529270423172110330e-03 3.622779008366695808e-03 4.867029615685591198e-03 6.213368114412460771e-03 7.554812082000478615e-03 8.728089983896451798e-03 9.541582597740311950e-03 9.830993796841897697e-03 9.528896322664856880e-03 8.699067583166715870e-03 7.501596803758153915e-03 6.122830665345441181e-03 4.719266517979162773e-03 3.389427822162491277e-03 2.171972168313139780e-03 1.056475005708817829e-03 0.000000000000000000e+00
0.000000000000000000e+00 0.000000000000000000e+00 0.000000000000000000e+00 0.000000000000000000e+00 0.000000000000000000e+00 0.000000000000000000e+00 0.000000000000000000e+00 0.000000000000000000e+00 0.000000000000000000e+00 0.000000000000000000e+00 0.000000000000000000e+00 0.000000000000000000e+00 0.000000000000000000e+00 0.000000000000000000e+00 0.000000000000000000e+00 0.000000000000000000e+00 0.000000000000000000e+00 0.000000000000000000e+00 0.000000000000000000e+00 0.000000000000000000e+00
